#FORMULA 2
[974,977,973,977,971,975,972,974,974,	[1063,1061,1063,1063,1063,1061,1065,1064,
RS 					SA
931.292456, 931.3580891751571		1062.49458, 1062.4995811669762
932.077656, 932.1469209132217		1061.487456, 1061.4898813271843
931.459448, 931.5262541957687		1062.741068, 1062.7463953794434
932.060604, 932.1284345861358		1061.9482, 1061.9529884170956
932.07082, 932.1360884098416		1062.107216, 1062.111784791036
931.844708, 931.912069759803		1061.45422, 1061.4569953964221
931.949256, 932.0186226937743		1062.084616, 1062.0869917403188
931.555756, 931.6246550387125		1062.280292, 1062.2823933229809	
